거래일자,시장ID,종목코드,종목명,시각,결제월,결제월번호,종가
"20040512","DRV","KR4101460000","KOSPI 200 선물 0406","0900",,"1","103.95"
"20040512","DRV","KR4101460000","KOSPI 200 선물 0406","0901",,"1","104.2"
"20040512","DRV","KR4101460000","KOSPI 200 선물 0406","0902",,"1","104.25"
"20040512","DRV","KR4101460000","KOSPI 200 선물 0406","0903",,"1","104.15"
"20040512","DRV","KR4101460000","KOSPI 200 선물 0406","0904",,"1","104.05"
"20040512","DRV","KR4101460000","KOSPI 200 선물 0406","0905",,"1","104"
"20040512","DRV","KR4101460000","KOSPI 200 선물 0406","0906",,"1","103.9"
"20040512","DRV","KR4101460000","KOSPI 200 선물 0406","0907",,"1","104.15"
"20040512","DRV","KR4101460000","KOSPI 200 선물 0406","0908",,"1","104.2"
"20040512","DRV","KR4101460000","KOSPI 200 선물 0406","0909",,"1","104.1"
"20040512","DRV","KR4101460000","KOSPI 200 선물 0406","0910",,"1","104.05"
"20040512","DRV","KR4101460000","KOSPI 200 선물 0406","0911",,"1","104.2"
"20040512","DRV","KR4101460000","KOSPI 200 선물 0406","0912",,"1","104"
"20040512","DRV","KR4101460000","KOSPI 200 선물 0406","0913",,"1","104.05"
"20040512","DRV","KR4101460000","KOSPI 200 선물 0406","0914",,"1","104.15"
"20040512","DRV","KR4101460000","KOSPI 200 선물 0406","0915",,"1","104.2"
"20040512","DRV","KR4101460000","KOSPI 200 선물 0406","0916",,"1","104.2"
"20040512","DRV","KR4101460000","KOSPI 200 선물 0406","0917",,"1","104.4"
"20040512","DRV","KR4101460000","KOSPI 200 선물 0406","0918",,"1","104.15"
"20040512","DRV","KR4101460000","KOSPI 200 선물 0406","0919",,"1","104.1"
"20040512","DRV","KR4101460000","KOSPI 200 선물 0406","0920",,"1","104.05"
"20040512","DRV","KR4101460000","KOSPI 200 선물 0406","0921",,"1","104.15"
"20040512","DRV","KR4101460000","KOSPI 200 선물 0406","0922",,"1","104.1"
"20040512","DRV","KR4101460000","KOSPI 200 선물 0406","0923",,"1","104.1"
"20040512","DRV","KR4101460000","KOSPI 200 선물 0406","0924",,"1","104.1"
"20040512","DRV","KR4101460000","KOSPI 200 선물 0406","0925",,"1","103.9"
"20040512","DRV","KR4101460000","KOSPI 200 선물 0406","0926",,"1","104.1"
"20040512","DRV","KR4101460000","KOSPI 200 선물 0406","0927",,"1","104.15"
"20040512","DRV","KR4101460000","KOSPI 200 선물 0406","0928",,"1","104.25"
"20040512","DRV","KR4101460000","KOSPI 200 선물 0406","0929",,"1","104.3"
"20040512","DRV","KR4101460000","KOSPI 200 선물 0406","0930",,"1","104.3"
"20040512","DRV","KR4101460000","KOSPI 200 선물 0406","0931",,"1","104.2"
"20040512","DRV","KR4101460000","KOSPI 200 선물 0406","0932",,"1","104.3"
"20040512","DRV","KR4101460000","KOSPI 200 선물 0406","0933",,"1","104.35"
"20040512","DRV","KR4101460000","KOSPI 200 선물 0406","0934",,"1","104.4"
"20040512","DRV","KR4101460000","KOSPI 200 선물 0406","0935",,"1","104.6"
"20040512","DRV","KR4101460000","KOSPI 200 선물 0406","0936",,"1","104.55"
"20040512","DRV","KR4101460000","KOSPI 200 선물 0406","0937",,"1","104.7"
"20040512","DRV","KR4101460000","KOSPI 200 선물 0406","0938",,"1","104.75"
"20040512","DRV","KR4101460000","KOSPI 200 선물 0406","0939",,"1","104.75"
"20040512","DRV","KR4101460000","KOSPI 200 선물 0406","0940",,"1","104.95"
"20040512","DRV","KR4101460000","KOSPI 200 선물 0406","0941",,"1","104.8"
"20040512","DRV","KR4101460000","KOSPI 200 선물 0406","0942",,"1","104.8"
"20040512","DRV","KR4101460000","KOSPI 200 선물 0406","0943",,"1","104.75"
"20040512","DRV","KR4101460000","KOSPI 200 선물 0406","0944",,"1","104.8"
"20040512","DRV","KR4101460000","KOSPI 200 선물 0406","0945",,"1","104.8"
"20040512","DRV","KR4101460000","KOSPI 200 선물 0406","0946",,"1","104.8"
"20040512","DRV","KR4101460000","KOSPI 200 선물 0406","0947",,"1","104.65"
"20040512","DRV","KR4101460000","KOSPI 200 선물 0406","0948",,"1","104.75"
"20040512","DRV","KR4101460000","KOSPI 200 선물 0406","0949",,"1","104.75"
"20040512","DRV","KR4101460000","KOSPI 200 선물 0406","0950",,"1","104.8"
"20040512","DRV","KR4101460000","KOSPI 200 선물 0406","0951",,"1","104.75"
"20040512","DRV","KR4101460000","KOSPI 200 선물 0406","0952",,"1","104.85"
"20040512","DRV","KR4101460000","KOSPI 200 선물 0406","0953",,"1","104.8"
"20040512","DRV","KR4101460000","KOSPI 200 선물 0406","0954",,"1","104.7"
"20040512","DRV","KR4101460000","KOSPI 200 선물 0406","0955",,"1","104.9"
"20040512","DRV","KR4101460000","KOSPI 200 선물 0406","0956",,"1","104.95"
"20040512","DRV","KR4101460000","KOSPI 200 선물 0406","0957",,"1","104.95"
"20040512","DRV","KR4101460000","KOSPI 200 선물 0406","0958",,"1","105"
"20040512","DRV","KR4101460000","KOSPI 200 선물 0406","0959",,"1","105.1"
"20040512","DRV","KR4101460000","KOSPI 200 선물 0406","1000",,"1","105.15"
"20040512","DRV","KR4101460000","KOSPI 200 선물 0406","1001",,"1","105.1"
"20040512","DRV","KR4101460000","KOSPI 200 선물 0406","1002",,"1","105.1"
"20040512","DRV","KR4101460000","KOSPI 200 선물 0406","1003",,"1","105.2"
"20040512","DRV","KR4101460000","KOSPI 200 선물 0406","1004",,"1","105.3"
"20040512","DRV","KR4101460000","KOSPI 200 선물 0406","1005",,"1","105.35"
"20040512","DRV","KR4101460000","KOSPI 200 선물 0406","1006",,"1","105.3"
"20040512","DRV","KR4101460000","KOSPI 200 선물 0406","1007",,"1","105.45"
"20040512","DRV","KR4101460000","KOSPI 200 선물 0406","1008",,"1","105.55"
"20040512","DRV","KR4101460000","KOSPI 200 선물 0406","1009",,"1","105.55"
"20040512","DRV","KR4101460000","KOSPI 200 선물 0406","1010",,"1","105.6"
"20040512","DRV","KR4101460000","KOSPI 200 선물 0406","1011",,"1","105.5"
"20040512","DRV","KR4101460000","KOSPI 200 선물 0406","1012",,"1","105.55"
"20040512","DRV","KR4101460000","KOSPI 200 선물 0406","1013",,"1","105.5"
"20040512","DRV","KR4101460000","KOSPI 200 선물 0406","1014",,"1","105.45"
"20040512","DRV","KR4101460000","KOSPI 200 선물 0406","1015",,"1","105.5"
"20040512","DRV","KR4101460000","KOSPI 200 선물 0406","1016",,"1","105.5"
"20040512","DRV","KR4101460000","KOSPI 200 선물 0406","1017",,"1","105.55"
"20040512","DRV","KR4101460000","KOSPI 200 선물 0406","1018",,"1","105.5"
"20040512","DRV","KR4101460000","KOSPI 200 선물 0406","1019",,"1","105.45"
"20040512","DRV","KR4101460000","KOSPI 200 선물 0406","1020",,"1","105.5"
"20040512","DRV","KR4101460000","KOSPI 200 선물 0406","1021",,"1","105.45"
"20040512","DRV","KR4101460000","KOSPI 200 선물 0406","1022",,"1","105.5"
"20040512","DRV","KR4101460000","KOSPI 200 선물 0406","1023",,"1","105.5"
"20040512","DRV","KR4101460000","KOSPI 200 선물 0406","1024",,"1","105.55"
"20040512","DRV","KR4101460000","KOSPI 200 선물 0406","1025",,"1","105.5"
"20040512","DRV","KR4101460000","KOSPI 200 선물 0406","1026",,"1","105.5"
"20040512","DRV","KR4101460000","KOSPI 200 선물 0406","1027",,"1","105.55"
"20040512","DRV","KR4101460000","KOSPI 200 선물 0406","1028",,"1","105.3"
"20040512","DRV","KR4101460000","KOSPI 200 선물 0406","1029",,"1","105.3"
"20040512","DRV","KR4101460000","KOSPI 200 선물 0406","1030",,"1","105.3"
"20040512","DRV","KR4101460000","KOSPI 200 선물 0406","1031",,"1","105.35"
"20040512","DRV","KR4101460000","KOSPI 200 선물 0406","1032",,"1","105.25"
"20040512","DRV","KR4101460000","KOSPI 200 선물 0406","1033",,"1","105.25"
"20040512","DRV","KR4101460000","KOSPI 200 선물 0406","1034",,"1","105.15"
"20040512","DRV","KR4101460000","KOSPI 200 선물 0406","1035",,"1","105.15"
"20040512","DRV","KR4101460000","KOSPI 200 선물 0406","1036",,"1","105.25"
"20040512","DRV","KR4101460000","KOSPI 200 선물 0406","1037",,"1","105.25"
"20040512","DRV","KR4101460000","KOSPI 200 선물 0406","1038",,"1","105.25"
"20040512","DRV","KR4101460000","KOSPI 200 선물 0406","1039",,"1","105.25"
"20040512","DRV","KR4101460000","KOSPI 200 선물 0406","1040",,"1","105.15"
"20040512","DRV","KR4101460000","KOSPI 200 선물 0406","1041",,"1","105.1"
"20040512","DRV","KR4101460000","KOSPI 200 선물 0406","1042",,"1","105.25"
"20040512","DRV","KR4101460000","KOSPI 200 선물 0406","1043",,"1","105.15"
"20040512","DRV","KR4101460000","KOSPI 200 선물 0406","1044",,"1","105.3"
"20040512","DRV","KR4101460000","KOSPI 200 선물 0406","1045",,"1","105.25"
"20040512","DRV","KR4101460000","KOSPI 200 선물 0406","1046",,"1","105.35"
"20040512","DRV","KR4101460000","KOSPI 200 선물 0406","1047",,"1","105.35"
"20040512","DRV","KR4101460000","KOSPI 200 선물 0406","1048",,"1","105.4"
"20040512","DRV","KR4101460000","KOSPI 200 선물 0406","1049",,"1","105.3"
"20040512","DRV","KR4101460000","KOSPI 200 선물 0406","1050",,"1","105.35"
"20040512","DRV","KR4101460000","KOSPI 200 선물 0406","1051",,"1","105.4"
"20040512","DRV","KR4101460000","KOSPI 200 선물 0406","1052",,"1","105.35"
"20040512","DRV","KR4101460000","KOSPI 200 선물 0406","1053",,"1","105.3"
"20040512","DRV","KR4101460000","KOSPI 200 선물 0406","1054",,"1","105.3"
"20040512","DRV","KR4101460000","KOSPI 200 선물 0406","1055",,"1","105.25"
"20040512","DRV","KR4101460000","KOSPI 200 선물 0406","1056",,"1","105.3"
"20040512","DRV","KR4101460000","KOSPI 200 선물 0406","1057",,"1","105.4"
"20040512","DRV","KR4101460000","KOSPI 200 선물 0406","1058",,"1","105.5"
"20040512","DRV","KR4101460000","KOSPI 200 선물 0406","1059",,"1","105.5"
"20040512","DRV","KR4101460000","KOSPI 200 선물 0406","1100",,"1","105.55"
"20040512","DRV","KR4101460000","KOSPI 200 선물 0406","1101",,"1","105.5"
"20040512","DRV","KR4101460000","KOSPI 200 선물 0406","1102",,"1","105.5"
"20040512","DRV","KR4101460000","KOSPI 200 선물 0406","1103",,"1","105.5"
"20040512","DRV","KR4101460000","KOSPI 200 선물 0406","1104",,"1","105.5"
"20040512","DRV","KR4101460000","KOSPI 200 선물 0406","1105",,"1","105.5"
"20040512","DRV","KR4101460000","KOSPI 200 선물 0406","1106",,"1","105.55"
"20040512","DRV","KR4101460000","KOSPI 200 선물 0406","1107",,"1","105.45"
"20040512","DRV","KR4101460000","KOSPI 200 선물 0406","1108",,"1","105.45"
"20040512","DRV","KR4101460000","KOSPI 200 선물 0406","1109",,"1","105.45"
"20040512","DRV","KR4101460000","KOSPI 200 선물 0406","1110",,"1","105.45"
"20040512","DRV","KR4101460000","KOSPI 200 선물 0406","1111",,"1","105.45"
"20040512","DRV","KR4101460000","KOSPI 200 선물 0406","1112",,"1","105.5"
"20040512","DRV","KR4101460000","KOSPI 200 선물 0406","1113",,"1","105.45"
"20040512","DRV","KR4101460000","KOSPI 200 선물 0406","1114",,"1","105.5"
"20040512","DRV","KR4101460000","KOSPI 200 선물 0406","1115",,"1","105.65"
"20040512","DRV","KR4101460000","KOSPI 200 선물 0406","1116",,"1","105.8"
"20040512","DRV","KR4101460000","KOSPI 200 선물 0406","1117",,"1","105.75"
"20040512","DRV","KR4101460000","KOSPI 200 선물 0406","1118",,"1","105.75"
"20040512","DRV","KR4101460000","KOSPI 200 선물 0406","1119",,"1","105.75"
"20040512","DRV","KR4101460000","KOSPI 200 선물 0406","1120",,"1","105.85"
"20040512","DRV","KR4101460000","KOSPI 200 선물 0406","1121",,"1","105.95"
"20040512","DRV","KR4101460000","KOSPI 200 선물 0406","1122",,"1","106"
"20040512","DRV","KR4101460000","KOSPI 200 선물 0406","1123",,"1","106.1"
"20040512","DRV","KR4101460000","KOSPI 200 선물 0406","1124",,"1","106"
"20040512","DRV","KR4101460000","KOSPI 200 선물 0406","1125",,"1","106"
"20040512","DRV","KR4101460000","KOSPI 200 선물 0406","1126",,"1","106.05"
"20040512","DRV","KR4101460000","KOSPI 200 선물 0406","1127",,"1","106.25"
"20040512","DRV","KR4101460000","KOSPI 200 선물 0406","1128",,"1","106.15"
"20040512","DRV","KR4101460000","KOSPI 200 선물 0406","1129",,"1","106.2"
"20040512","DRV","KR4101460000","KOSPI 200 선물 0406","1130",,"1","106.3"
"20040512","DRV","KR4101460000","KOSPI 200 선물 0406","1131",,"1","106.2"
"20040512","DRV","KR4101460000","KOSPI 200 선물 0406","1132",,"1","106.2"
"20040512","DRV","KR4101460000","KOSPI 200 선물 0406","1133",,"1","106.25"
"20040512","DRV","KR4101460000","KOSPI 200 선물 0406","1134",,"1","106.35"
"20040512","DRV","KR4101460000","KOSPI 200 선물 0406","1135",,"1","106.5"
"20040512","DRV","KR4101460000","KOSPI 200 선물 0406","1136",,"1","106.55"
"20040512","DRV","KR4101460000","KOSPI 200 선물 0406","1137",,"1","106.6"
"20040512","DRV","KR4101460000","KOSPI 200 선물 0406","1138",,"1","106.45"
"20040512","DRV","KR4101460000","KOSPI 200 선물 0406","1139",,"1","106.35"
"20040512","DRV","KR4101460000","KOSPI 200 선물 0406","1140",,"1","106.35"
"20040512","DRV","KR4101460000","KOSPI 200 선물 0406","1141",,"1","106.35"
"20040512","DRV","KR4101460000","KOSPI 200 선물 0406","1142",,"1","106.4"
"20040512","DRV","KR4101460000","KOSPI 200 선물 0406","1143",,"1","106.3"
"20040512","DRV","KR4101460000","KOSPI 200 선물 0406","1144",,"1","106.35"
"20040512","DRV","KR4101460000","KOSPI 200 선물 0406","1145",,"1","106.4"
"20040512","DRV","KR4101460000","KOSPI 200 선물 0406","1146",,"1","106.35"
"20040512","DRV","KR4101460000","KOSPI 200 선물 0406","1147",,"1","106.4"
"20040512","DRV","KR4101460000","KOSPI 200 선물 0406","1148",,"1","106.5"
"20040512","DRV","KR4101460000","KOSPI 200 선물 0406","1149",,"1","106.35"
"20040512","DRV","KR4101460000","KOSPI 200 선물 0406","1150",,"1","106.35"
"20040512","DRV","KR4101460000","KOSPI 200 선물 0406","1151",,"1","106.35"
"20040512","DRV","KR4101460000","KOSPI 200 선물 0406","1152",,"1","106.3"
"20040512","DRV","KR4101460000","KOSPI 200 선물 0406","1153",,"1","106.4"
"20040512","DRV","KR4101460000","KOSPI 200 선물 0406","1154",,"1","106.35"
"20040512","DRV","KR4101460000","KOSPI 200 선물 0406","1155",,"1","106.3"
"20040512","DRV","KR4101460000","KOSPI 200 선물 0406","1156",,"1","106.4"
"20040512","DRV","KR4101460000","KOSPI 200 선물 0406","1157",,"1","106.4"
"20040512","DRV","KR4101460000","KOSPI 200 선물 0406","1158",,"1","106.45"
"20040512","DRV","KR4101460000","KOSPI 200 선물 0406","1159",,"1","106.4"
"20040512","DRV","KR4101460000","KOSPI 200 선물 0406","1200",,"1","106.4"
"20040512","DRV","KR4101460000","KOSPI 200 선물 0406","1201",,"1","106.4"
"20040512","DRV","KR4101460000","KOSPI 200 선물 0406","1202",,"1","106.35"
"20040512","DRV","KR4101460000","KOSPI 200 선물 0406","1203",,"1","106.3"
"20040512","DRV","KR4101460000","KOSPI 200 선물 0406","1204",,"1","106.3"
"20040512","DRV","KR4101460000","KOSPI 200 선물 0406","1205",,"1","106.35"
"20040512","DRV","KR4101460000","KOSPI 200 선물 0406","1206",,"1","106.3"
"20040512","DRV","KR4101460000","KOSPI 200 선물 0406","1207",,"1","106.4"
"20040512","DRV","KR4101460000","KOSPI 200 선물 0406","1208",,"1","106.4"
"20040512","DRV","KR4101460000","KOSPI 200 선물 0406","1209",,"1","106.4"
"20040512","DRV","KR4101460000","KOSPI 200 선물 0406","1210",,"1","106.4"
"20040512","DRV","KR4101460000","KOSPI 200 선물 0406","1211",,"1","106.45"
"20040512","DRV","KR4101460000","KOSPI 200 선물 0406","1212",,"1","106.45"
"20040512","DRV","KR4101460000","KOSPI 200 선물 0406","1213",,"1","106.4"
"20040512","DRV","KR4101460000","KOSPI 200 선물 0406","1214",,"1","106.45"
"20040512","DRV","KR4101460000","KOSPI 200 선물 0406","1215",,"1","106.5"
"20040512","DRV","KR4101460000","KOSPI 200 선물 0406","1216",,"1","106.5"
"20040512","DRV","KR4101460000","KOSPI 200 선물 0406","1217",,"1","106.6"
"20040512","DRV","KR4101460000","KOSPI 200 선물 0406","1218",,"1","106.65"
"20040512","DRV","KR4101460000","KOSPI 200 선물 0406","1219",,"1","106.7"
"20040512","DRV","KR4101460000","KOSPI 200 선물 0406","1220",,"1","106.6"
"20040512","DRV","KR4101460000","KOSPI 200 선물 0406","1221",,"1","106.7"
"20040512","DRV","KR4101460000","KOSPI 200 선물 0406","1222",,"1","106.6"
"20040512","DRV","KR4101460000","KOSPI 200 선물 0406","1223",,"1","106.55"
"20040512","DRV","KR4101460000","KOSPI 200 선물 0406","1224",,"1","106.35"
"20040512","DRV","KR4101460000","KOSPI 200 선물 0406","1225",,"1","106.05"
"20040512","DRV","KR4101460000","KOSPI 200 선물 0406","1226",,"1","106.15"
"20040512","DRV","KR4101460000","KOSPI 200 선물 0406","1227",,"1","106.15"
"20040512","DRV","KR4101460000","KOSPI 200 선물 0406","1228",,"1","106.15"
"20040512","DRV","KR4101460000","KOSPI 200 선물 0406","1229",,"1","106.2"
"20040512","DRV","KR4101460000","KOSPI 200 선물 0406","1230",,"1","106.2"
"20040512","DRV","KR4101460000","KOSPI 200 선물 0406","1231",,"1","106.25"
"20040512","DRV","KR4101460000","KOSPI 200 선물 0406","1232",,"1","106.25"
"20040512","DRV","KR4101460000","KOSPI 200 선물 0406","1233",,"1","106.25"
"20040512","DRV","KR4101460000","KOSPI 200 선물 0406","1234",,"1","106.2"
"20040512","DRV","KR4101460000","KOSPI 200 선물 0406","1235",,"1","106.2"
"20040512","DRV","KR4101460000","KOSPI 200 선물 0406","1236",,"1","106.25"
"20040512","DRV","KR4101460000","KOSPI 200 선물 0406","1237",,"1","106.15"
"20040512","DRV","KR4101460000","KOSPI 200 선물 0406","1238",,"1","106.2"
"20040512","DRV","KR4101460000","KOSPI 200 선물 0406","1239",,"1","106.2"
"20040512","DRV","KR4101460000","KOSPI 200 선물 0406","1240",,"1","106.15"
"20040512","DRV","KR4101460000","KOSPI 200 선물 0406","1241",,"1","106.1"
"20040512","DRV","KR4101460000","KOSPI 200 선물 0406","1242",,"1","106.2"
"20040512","DRV","KR4101460000","KOSPI 200 선물 0406","1243",,"1","106.25"
"20040512","DRV","KR4101460000","KOSPI 200 선물 0406","1244",,"1","106.25"
"20040512","DRV","KR4101460000","KOSPI 200 선물 0406","1245",,"1","106.15"
"20040512","DRV","KR4101460000","KOSPI 200 선물 0406","1246",,"1","106.2"
"20040512","DRV","KR4101460000","KOSPI 200 선물 0406","1247",,"1","106.25"
"20040512","DRV","KR4101460000","KOSPI 200 선물 0406","1248",,"1","106.3"
"20040512","DRV","KR4101460000","KOSPI 200 선물 0406","1249",,"1","106.25"
"20040512","DRV","KR4101460000","KOSPI 200 선물 0406","1250",,"1","106.2"
"20040512","DRV","KR4101460000","KOSPI 200 선물 0406","1251",,"1","106.25"
"20040512","DRV","KR4101460000","KOSPI 200 선물 0406","1252",,"1","106.25"
"20040512","DRV","KR4101460000","KOSPI 200 선물 0406","1253",,"1","106.2"
"20040512","DRV","KR4101460000","KOSPI 200 선물 0406","1254",,"1","106.25"
"20040512","DRV","KR4101460000","KOSPI 200 선물 0406","1255",,"1","106.2"
"20040512","DRV","KR4101460000","KOSPI 200 선물 0406","1256",,"1","106.2"
"20040512","DRV","KR4101460000","KOSPI 200 선물 0406","1257",,"1","106.25"
"20040512","DRV","KR4101460000","KOSPI 200 선물 0406","1258",,"1","106.25"
"20040512","DRV","KR4101460000","KOSPI 200 선물 0406","1259",,"1","106.25"
"20040512","DRV","KR4101460000","KOSPI 200 선물 0406","1300",,"1","106.3"
"20040512","DRV","KR4101460000","KOSPI 200 선물 0406","1301",,"1","106.45"
"20040512","DRV","KR4101460000","KOSPI 200 선물 0406","1302",,"1","106.6"
"20040512","DRV","KR4101460000","KOSPI 200 선물 0406","1303",,"1","106.35"
"20040512","DRV","KR4101460000","KOSPI 200 선물 0406","1304",,"1","106.35"
"20040512","DRV","KR4101460000","KOSPI 200 선물 0406","1305",,"1","106.25"
"20040512","DRV","KR4101460000","KOSPI 200 선물 0406","1306",,"1","106.15"
"20040512","DRV","KR4101460000","KOSPI 200 선물 0406","1307",,"1","106.2"
"20040512","DRV","KR4101460000","KOSPI 200 선물 0406","1308",,"1","106.2"
"20040512","DRV","KR4101460000","KOSPI 200 선물 0406","1309",,"1","106.1"
"20040512","DRV","KR4101460000","KOSPI 200 선물 0406","1310",,"1","105.75"
"20040512","DRV","KR4101460000","KOSPI 200 선물 0406","1311",,"1","105.9"
"20040512","DRV","KR4101460000","KOSPI 200 선물 0406","1312",,"1","105.75"
"20040512","DRV","KR4101460000","KOSPI 200 선물 0406","1313",,"1","105.65"
"20040512","DRV","KR4101460000","KOSPI 200 선물 0406","1314",,"1","105.6"
"20040512","DRV","KR4101460000","KOSPI 200 선물 0406","1315",,"1","105.45"
"20040512","DRV","KR4101460000","KOSPI 200 선물 0406","1316",,"1","105.6"
"20040512","DRV","KR4101460000","KOSPI 200 선물 0406","1317",,"1","105.55"
"20040512","DRV","KR4101460000","KOSPI 200 선물 0406","1318",,"1","105.4"
"20040512","DRV","KR4101460000","KOSPI 200 선물 0406","1319",,"1","105.3"
"20040512","DRV","KR4101460000","KOSPI 200 선물 0406","1320",,"1","105.05"
"20040512","DRV","KR4101460000","KOSPI 200 선물 0406","1321",,"1","104.85"
"20040512","DRV","KR4101460000","KOSPI 200 선물 0406","1322",,"1","105.15"
"20040512","DRV","KR4101460000","KOSPI 200 선물 0406","1323",,"1","105.25"
"20040512","DRV","KR4101460000","KOSPI 200 선물 0406","1324",,"1","105.1"
"20040512","DRV","KR4101460000","KOSPI 200 선물 0406","1325",,"1","105.15"
"20040512","DRV","KR4101460000","KOSPI 200 선물 0406","1326",,"1","105.05"
"20040512","DRV","KR4101460000","KOSPI 200 선물 0406","1327",,"1","105.1"
"20040512","DRV","KR4101460000","KOSPI 200 선물 0406","1328",,"1","105.2"
"20040512","DRV","KR4101460000","KOSPI 200 선물 0406","1329",,"1","105.15"
"20040512","DRV","KR4101460000","KOSPI 200 선물 0406","1330",,"1","105.1"
"20040512","DRV","KR4101460000","KOSPI 200 선물 0406","1331",,"1","105.05"
"20040512","DRV","KR4101460000","KOSPI 200 선물 0406","1332",,"1","105.2"
"20040512","DRV","KR4101460000","KOSPI 200 선물 0406","1333",,"1","105.2"
"20040512","DRV","KR4101460000","KOSPI 200 선물 0406","1334",,"1","105.15"
"20040512","DRV","KR4101460000","KOSPI 200 선물 0406","1335",,"1","105.15"
"20040512","DRV","KR4101460000","KOSPI 200 선물 0406","1336",,"1","105.05"
"20040512","DRV","KR4101460000","KOSPI 200 선물 0406","1337",,"1","105.05"
"20040512","DRV","KR4101460000","KOSPI 200 선물 0406","1338",,"1","105.15"
"20040512","DRV","KR4101460000","KOSPI 200 선물 0406","1339",,"1","105.1"
"20040512","DRV","KR4101460000","KOSPI 200 선물 0406","1340",,"1","105.05"
"20040512","DRV","KR4101460000","KOSPI 200 선물 0406","1341",,"1","104.95"
"20040512","DRV","KR4101460000","KOSPI 200 선물 0406","1342",,"1","104.85"
"20040512","DRV","KR4101460000","KOSPI 200 선물 0406","1343",,"1","105.1"
"20040512","DRV","KR4101460000","KOSPI 200 선물 0406","1344",,"1","104.95"
"20040512","DRV","KR4101460000","KOSPI 200 선물 0406","1345",,"1","105.05"
"20040512","DRV","KR4101460000","KOSPI 200 선물 0406","1346",,"1","104.9"
"20040512","DRV","KR4101460000","KOSPI 200 선물 0406","1347",,"1","105.05"
"20040512","DRV","KR4101460000","KOSPI 200 선물 0406","1348",,"1","104.95"
"20040512","DRV","KR4101460000","KOSPI 200 선물 0406","1349",,"1","104.75"
"20040512","DRV","KR4101460000","KOSPI 200 선물 0406","1350",,"1","104.65"
"20040512","DRV","KR4101460000","KOSPI 200 선물 0406","1351",,"1","104.85"
"20040512","DRV","KR4101460000","KOSPI 200 선물 0406","1352",,"1","104.8"
"20040512","DRV","KR4101460000","KOSPI 200 선물 0406","1353",,"1","104.65"
"20040512","DRV","KR4101460000","KOSPI 200 선물 0406","1354",,"1","104.8"
"20040512","DRV","KR4101460000","KOSPI 200 선물 0406","1355",,"1","104.85"
"20040512","DRV","KR4101460000","KOSPI 200 선물 0406","1356",,"1","105"
"20040512","DRV","KR4101460000","KOSPI 200 선물 0406","1357",,"1","104.9"
"20040512","DRV","KR4101460000","KOSPI 200 선물 0406","1358",,"1","104.9"
"20040512","DRV","KR4101460000","KOSPI 200 선물 0406","1359",,"1","104.85"
"20040512","DRV","KR4101460000","KOSPI 200 선물 0406","1400",,"1","104.9"
"20040512","DRV","KR4101460000","KOSPI 200 선물 0406","1401",,"1","104.9"
"20040512","DRV","KR4101460000","KOSPI 200 선물 0406","1402",,"1","104.85"
"20040512","DRV","KR4101460000","KOSPI 200 선물 0406","1403",,"1","104.9"
"20040512","DRV","KR4101460000","KOSPI 200 선물 0406","1404",,"1","104.85"
"20040512","DRV","KR4101460000","KOSPI 200 선물 0406","1405",,"1","104.9"
"20040512","DRV","KR4101460000","KOSPI 200 선물 0406","1406",,"1","104.9"
"20040512","DRV","KR4101460000","KOSPI 200 선물 0406","1407",,"1","104.95"
"20040512","DRV","KR4101460000","KOSPI 200 선물 0406","1408",,"1","105"
"20040512","DRV","KR4101460000","KOSPI 200 선물 0406","1409",,"1","104.95"
"20040512","DRV","KR4101460000","KOSPI 200 선물 0406","1410",,"1","104.9"
"20040512","DRV","KR4101460000","KOSPI 200 선물 0406","1411",,"1","105.05"
"20040512","DRV","KR4101460000","KOSPI 200 선물 0406","1412",,"1","105.25"
"20040512","DRV","KR4101460000","KOSPI 200 선물 0406","1413",,"1","105.25"
"20040512","DRV","KR4101460000","KOSPI 200 선물 0406","1414",,"1","105.45"
"20040512","DRV","KR4101460000","KOSPI 200 선물 0406","1415",,"1","105.35"
"20040512","DRV","KR4101460000","KOSPI 200 선물 0406","1416",,"1","105.35"
"20040512","DRV","KR4101460000","KOSPI 200 선물 0406","1417",,"1","105.45"
"20040512","DRV","KR4101460000","KOSPI 200 선물 0406","1418",,"1","105.4"
"20040512","DRV","KR4101460000","KOSPI 200 선물 0406","1419",,"1","105.4"
"20040512","DRV","KR4101460000","KOSPI 200 선물 0406","1420",,"1","105.4"
"20040512","DRV","KR4101460000","KOSPI 200 선물 0406","1421",,"1","105.35"
"20040512","DRV","KR4101460000","KOSPI 200 선물 0406","1422",,"1","105.25"
"20040512","DRV","KR4101460000","KOSPI 200 선물 0406","1423",,"1","105.35"
"20040512","DRV","KR4101460000","KOSPI 200 선물 0406","1424",,"1","105.3"
"20040512","DRV","KR4101460000","KOSPI 200 선물 0406","1425",,"1","105.35"
"20040512","DRV","KR4101460000","KOSPI 200 선물 0406","1426",,"1","105.35"
"20040512","DRV","KR4101460000","KOSPI 200 선물 0406","1427",,"1","105.45"
"20040512","DRV","KR4101460000","KOSPI 200 선물 0406","1428",,"1","105.45"
"20040512","DRV","KR4101460000","KOSPI 200 선물 0406","1429",,"1","105.55"
"20040512","DRV","KR4101460000","KOSPI 200 선물 0406","1430",,"1","105.35"
"20040512","DRV","KR4101460000","KOSPI 200 선물 0406","1431",,"1","105.4"
"20040512","DRV","KR4101460000","KOSPI 200 선물 0406","1432",,"1","105.4"
"20040512","DRV","KR4101460000","KOSPI 200 선물 0406","1433",,"1","105.45"
"20040512","DRV","KR4101460000","KOSPI 200 선물 0406","1434",,"1","105.5"
"20040512","DRV","KR4101460000","KOSPI 200 선물 0406","1435",,"1","105.65"
"20040512","DRV","KR4101460000","KOSPI 200 선물 0406","1436",,"1","105.65"
"20040512","DRV","KR4101460000","KOSPI 200 선물 0406","1437",,"1","105.55"
"20040512","DRV","KR4101460000","KOSPI 200 선물 0406","1438",,"1","105.55"
"20040512","DRV","KR4101460000","KOSPI 200 선물 0406","1439",,"1","105.65"
"20040512","DRV","KR4101460000","KOSPI 200 선물 0406","1440",,"1","105.55"
"20040512","DRV","KR4101460000","KOSPI 200 선물 0406","1441",,"1","105.55"
"20040512","DRV","KR4101460000","KOSPI 200 선물 0406","1442",,"1","105.6"
"20040512","DRV","KR4101460000","KOSPI 200 선물 0406","1443",,"1","105.6"
"20040512","DRV","KR4101460000","KOSPI 200 선물 0406","1444",,"1","105.7"
"20040512","DRV","KR4101460000","KOSPI 200 선물 0406","1445",,"1","105.75"
"20040512","DRV","KR4101460000","KOSPI 200 선물 0406","1446",,"1","105.75"
"20040512","DRV","KR4101460000","KOSPI 200 선물 0406","1447",,"1","105.95"
"20040512","DRV","KR4101460000","KOSPI 200 선물 0406","1448",,"1","106"
"20040512","DRV","KR4101460000","KOSPI 200 선물 0406","1449",,"1","106"
"20040512","DRV","KR4101460000","KOSPI 200 선물 0406","1450",,"1","106.05"
"20040512","DRV","KR4101460000","KOSPI 200 선물 0406","1451",,"1","106.15"
"20040512","DRV","KR4101460000","KOSPI 200 선물 0406","1452",,"1","106.05"
"20040512","DRV","KR4101460000","KOSPI 200 선물 0406","1453",,"1","106.1"
"20040512","DRV","KR4101460000","KOSPI 200 선물 0406","1454",,"1","106.1"
"20040512","DRV","KR4101460000","KOSPI 200 선물 0406","1455",,"1","106.1"
"20040512","DRV","KR4101460000","KOSPI 200 선물 0406","1456",,"1","106.05"
"20040512","DRV","KR4101460000","KOSPI 200 선물 0406","1457",,"1","106.1"
"20040512","DRV","KR4101460000","KOSPI 200 선물 0406","1458",,"1","106.25"
"20040512","DRV","KR4101460000","KOSPI 200 선물 0406","1459",,"1","106.1"
"20040512","DRV","KR4101460000","KOSPI 200 선물 0406","1500",,"1","106.05"
"20040512","DRV","KR4101460000","KOSPI 200 선물 0406","1501",,"1","106.1"
"20040512","DRV","KR4101460000","KOSPI 200 선물 0406","1502",,"1","106.1"
"20040512","DRV","KR4101460000","KOSPI 200 선물 0406","1503",,"1","106"
"20040512","DRV","KR4101460000","KOSPI 200 선물 0406","1504",,"1","106.05"
"20040512","DRV","KR4101460000","KOSPI 200 선물 0406","1515",,"1","106.1"
"20040512","DRV","KR4101490000","KOSPI 200 선물 0409","0902",,"2","105.05"
"20040512","DRV","KR4101490000","KOSPI 200 선물 0409","0912",,"2","104.85"
"20040512","DRV","KR4101490000","KOSPI 200 선물 0409","0914",,"2","104.85"
"20040512","DRV","KR4101490000","KOSPI 200 선물 0409","0935",,"2","105.3"
"20040512","DRV","KR4101490000","KOSPI 200 선물 0409","0940",,"2","105.5"
"20040512","DRV","KR4101490000","KOSPI 200 선물 0409","0949",,"2","105.4"
"20040512","DRV","KR4101490000","KOSPI 200 선물 0409","0950",,"2","105.45"
"20040512","DRV","KR4101490000","KOSPI 200 선물 0409","0954",,"2","105.4"
"20040512","DRV","KR4101490000","KOSPI 200 선물 0409","0958",,"2","105.7"
"20040512","DRV","KR4101490000","KOSPI 200 선물 0409","1004",,"2","105.9"
"20040512","DRV","KR4101490000","KOSPI 200 선물 0409","1005",,"2","106"
"20040512","DRV","KR4101490000","KOSPI 200 선물 0409","1007",,"2","106"
"20040512","DRV","KR4101490000","KOSPI 200 선물 0409","1015",,"2","106"
"20040512","DRV","KR4101490000","KOSPI 200 선물 0409","1016",,"2","106"
"20040512","DRV","KR4101490000","KOSPI 200 선물 0409","1035",,"2","105.95"
"20040512","DRV","KR4101490000","KOSPI 200 선물 0409","1037",,"2","105.85"
"20040512","DRV","KR4101490000","KOSPI 200 선물 0409","1055",,"2","105.85"
"20040512","DRV","KR4101490000","KOSPI 200 선물 0409","1121",,"2","106.5"
"20040512","DRV","KR4101490000","KOSPI 200 선물 0409","1127",,"2","106.7"
"20040512","DRV","KR4101490000","KOSPI 200 선물 0409","1130",,"2","106.85"
"20040512","DRV","KR4101490000","KOSPI 200 선물 0409","1135",,"2","107"
"20040512","DRV","KR4101490000","KOSPI 200 선물 0409","1138",,"2","107.05"
"20040512","DRV","KR4101490000","KOSPI 200 선물 0409","1139",,"2","106.9"
"20040512","DRV","KR4101490000","KOSPI 200 선물 0409","1218",,"2","107.2"
"20040512","DRV","KR4101490000","KOSPI 200 선물 0409","1224",,"2","106.9"
"20040512","DRV","KR4101490000","KOSPI 200 선물 0409","1301",,"2","107"
"20040512","DRV","KR4101490000","KOSPI 200 선물 0409","1310",,"2","106.6"
"20040512","DRV","KR4101490000","KOSPI 200 선물 0409","1311",,"2","106.4"
"20040512","DRV","KR4101490000","KOSPI 200 선물 0409","1319",,"2","106"
"20040512","DRV","KR4101490000","KOSPI 200 선물 0409","1347",,"2","105.5"
"20040512","DRV","KR4101490000","KOSPI 200 선물 0409","1351",,"2","105.3"
"20040512","DRV","KR4101490000","KOSPI 200 선물 0409","1357",,"2","105"
"20040512","DRV","KR4101490000","KOSPI 200 선물 0409","1412",,"2","105.7"
"20040512","DRV","KR4101490000","KOSPI 200 선물 0409","1429",,"2","106.2"
"20040512","DRV","KR4101490000","KOSPI 200 선물 0409","1444",,"2","106.4"
"20040512","DRV","KR4101490000","KOSPI 200 선물 0409","1515",,"2","106.8"
"20040512","DRV","KR44014649S0","KOSPI 200 선물 스프레드 4649S","0947",,"4","0.65"
"20040512","DRV","KR44014649S0","KOSPI 200 선물 스프레드 4649S","0951",,"4","0.65"
"20040512","DRV","KR44014649S0","KOSPI 200 선물 스프레드 4649S","1005",,"4","0.6"
"20040512","DRV","KR44014649S0","KOSPI 200 선물 스프레드 4649S","1006",,"4","0.65"
"20040512","DRV","KR44014649S0","KOSPI 200 선물 스프레드 4649S","1007",,"4","0.5"
"20040512","DRV","KR44014649S0","KOSPI 200 선물 스프레드 4649S","1012",,"4","0.65"
"20040512","DRV","KR44014649S0","KOSPI 200 선물 스프레드 4649S","1017",,"4","0.5"
"20040512","DRV","KR44014649S0","KOSPI 200 선물 스프레드 4649S","1020",,"4","0.5"
"20040512","DRV","KR44014649S0","KOSPI 200 선물 스프레드 4649S","1421",,"4","0.65"
"20040512","DRV","KR44014649S0","KOSPI 200 선물 스프레드 4649S","1425",,"4","0.6"
"20040512","DRV","KR44014649S0","KOSPI 200 선물 스프레드 4649S","1426",,"4","0.6"
"20040512","DRV","KR44014649S0","KOSPI 200 선물 스프레드 4649S","1429",,"4","0.65"
"20040512","DRV","KR44014649S0","KOSPI 200 선물 스프레드 4649S","1430",,"4","0.65"